TiO2 (Titanium Dioxide) - Sintef
lambda(nm), real index, imaginary index
601.513916	2.452085	0.004259	
603.105103	2.451200	0.004230	
604.696228	2.450324	0.004202	
606.287415	2.449457	0.004174	
607.878540	2.448600	0.004146	
609.469604	2.447753	0.004119	
611.060669	2.446914	0.004092	
612.651733	2.446085	0.004065	
614.242798	2.445265	0.004039	
615.833862	2.444454	0.004013	
617.424805	2.443652	0.003987	
619.015747	2.442858	0.003961	
620.606689	2.442072	0.003936	
622.197632	2.441296	0.003911	
623.788513	2.440527	0.003887	
625.379333	2.439766	0.003862	
626.970154	2.439014	0.003838	
628.560974	2.438270	0.003814	
630.151733	2.437533	0.003791	
631.742493	2.436804	0.003768	
633.333130	2.436083	0.003745	
634.923828	2.435369	0.003722	
636.514465	2.434663	0.003699	
638.105042	2.433964	0.003677	
639.695618	2.433272	0.003655	
641.286133	2.432588	0.003633	
642.876587	2.431910	0.003612	
644.467041	2.431240	0.003590	
646.057434	2.430576	0.003569	
647.647827	2.429919	0.003548	
649.238159	2.429269	0.003528	
650.828369	2.428625	0.003507	
652.418579	2.427988	0.003487	
654.008789	2.427357	0.003467	
655.598999	2.426732	0.003448	
657.189087	2.426114	0.003428	
658.779114	2.425502	0.003409	
660.369080	2.424896	0.003389	
661.959106	2.424296	0.003371	
663.548950	2.423702	0.003352	
665.138794	2.423114	0.003333	
666.728638	2.422532	0.003315	
668.318420	2.421955	0.003297	
669.908081	2.421384	0.003279	
671.497742	2.420819	0.003261	
673.087341	2.420259	0.003243	
674.676880	2.419704	0.003226	
676.266418	2.419155	0.003208	
677.855835	2.418611	0.003191	
679.445190	2.418072	0.003174	
681.034546	2.417539	0.003158	
682.623779	2.417010	0.003141	
684.212952	2.416487	0.003125	
685.802124	2.415969	0.003108	
687.391174	2.415455	0.003092	
688.980164	2.414947	0.003076	
690.569153	2.414443	0.003061	
692.158020	2.413944	0.003045	
693.746826	2.413449	0.003029	
695.335571	2.412959	0.003014	
696.924255	2.412474	0.002999	
698.512878	2.411993	0.002984	
700.101440	2.411517	0.002969	
701.689941	2.411045	0.002954	
703.278381	2.410578	0.002940	
704.866699	2.410114	0.002925	
706.454956	2.409655	0.002911	
708.043152	2.409200	0.002897	
709.631287	2.408750	0.002882	
711.219360	2.408303	0.002868	
712.807312	2.407861	0.002855	
714.395264	2.407422	0.002841	
715.983032	2.406987	0.002827	
717.570801	2.406557	0.002814	
719.158508	2.406130	0.002801	
720.746094	2.405707	0.002787	
722.333618	2.405288	0.002774	
723.921021	2.404872	0.002761	
725.508423	2.404460	0.002749	
727.095642	2.404052	0.002736	
728.682861	2.403647	0.002723	
730.269958	2.403246	0.002711	
731.856995	2.402849	0.002698	
733.443909	2.402455	0.002686	
735.030762	2.402064	0.002674	
736.617554	2.401677	0.002662	
738.204224	2.401293	0.002650	
739.790771	2.400913	0.002638	
741.377319	2.400535	0.002626	
742.963684	2.400162	0.002615	
744.549988	2.399791	0.002603	
746.136230	2.399423	0.002592	
747.722351	2.399059	0.002580	
749.308411	2.398697	0.002569	
750.894348	2.398339	0.002558	
752.480164	2.397984	0.002547	
754.065918	2.397631	0.002536	
755.651611	2.397282	0.002525	
757.237183	2.396936	0.002514	
758.822632	2.396592	0.002504	
760.407959	2.396252	0.002493	
761.993225	2.395914	0.002483	
763.578369	2.395579	0.002472	
765.163452	2.395247	0.002462	
766.748413	2.394917	0.002452	
768.333252	2.394591	0.002442	
769.918030	2.394267	0.002432	
771.502625	2.393945	0.002422	
773.087158	2.393627	0.002412	
774.671570	2.393311	0.002402	
776.255920	2.392997	0.002392	
777.840149	2.392686	0.002383	
779.424255	2.392378	0.002373	
781.008240	2.392072	0.002363	
782.592163	2.391768	0.002354	
784.175903	2.391467	0.002345	
785.759583	2.391169	0.002335	
787.343140	2.390872	0.002326	
788.926514	2.390579	0.002317	
790.509888	2.390287	0.002308	
792.093079	2.389998	0.002299	
793.676147	2.389711	0.002290	
795.259094	2.389426	0.002281	
796.841919	2.389144	0.002273	
798.424683	2.388864	0.002264	
800.007263	2.388586	0.002255	
801.589783	2.388310	0.002247	
803.172180	2.388036	0.002238	
804.754395	2.387765	0.002230	
806.336548	2.387496	0.002221	
807.918518	2.387228	0.002213	
809.500366	2.386963	0.002205	
811.082153	2.386700	0.002197	
812.663757	2.386439	0.002189	
814.245239	2.386179	0.002180	
815.826660	2.385922	0.002173	
817.407898	2.385667	0.002165	
818.989014	2.385414	0.002157	
820.570007	2.385163	0.002149	
822.150757	2.384913	0.002141	
823.731567	2.384666	0.002133	
825.312134	2.384420	0.002126	
826.892578	2.384176	0.002118	
828.472839	2.383934	0.002111	
830.053040	2.383694	0.002103	
831.633118	2.383456	0.002096	
833.213013	2.383219	0.002089	
834.792786	2.382984	0.002081	
836.372437	2.382751	0.002074	
837.951965	2.382520	0.002067	
839.531250	2.382290	0.002060	
841.110474	2.382062	0.002053	
842.689575	2.381836	0.002046	
844.268433	2.381611	0.002039	
845.847290	2.381388	0.002032	
847.425903	2.381167	0.002025	
849.004395	2.380947	0.002018	
850.582703	2.380729	0.002011	
852.160950	2.380513	0.002004	
853.738953	2.380298	0.001998	
855.316895	2.380085	0.001991	
856.894653	2.379873	0.001984	
858.472290	2.379662	0.001978	
860.049683	2.379453	0.001971	
861.627075	2.379246	0.001965	
863.204224	2.379040	0.001959	
864.781128	2.378836	0.001952	
866.358032	2.378633	0.001946	
867.934753	2.378431	0.001940	
869.511230	2.378231	0.001933	
871.087708	2.378033	0.001927	
872.663879	2.377835	0.001921	
874.239929	2.377640	0.001915	
875.815796	2.377445	0.001909	
877.391602	2.377252	0.001903	
878.967163	2.377060	0.001897	
880.542603	2.376870	0.001891	
882.117859	2.376681	0.001885	
883.692993	2.376493	0.001879	
885.267883	2.376306	0.001873	
886.842651	2.376121	0.001867	
888.417297	2.375937	0.001862	
889.991699	2.375754	0.001856	
891.566040	2.375573	0.001850	
893.140015	2.375393	0.001845	
894.714050	2.375214	0.001839	
896.287781	2.375036	0.001834	
897.861450	2.374860	0.001828	
899.434753	2.374684	0.001823	
901.008118	2.374510	0.001817	
902.581177	2.374337	0.001812	
904.154114	2.374165	0.001806	
905.726746	2.373995	0.001801	
907.299316	2.373825	0.001796	
908.871765	2.373657	0.001790	
910.443970	2.373489	0.001785	
912.015991	2.373323	0.001780	
913.587769	2.373158	0.001775	
915.159485	2.372994	0.001770	
916.730957	2.372832	0.001765	
918.302368	2.372670	0.001760	
919.873413	2.372509	0.001754	
921.444336	2.372350	0.001749	
923.015137	2.372191	0.001744	
924.585754	2.372033	0.001740	
926.156128	2.371877	0.001735	
927.726379	2.371721	0.001730	
929.296387	2.371567	0.001725	
930.866211	2.371413	0.001720	
932.435852	2.371261	0.001715	
934.005249	2.371109	0.001711	
935.574585	2.370959	0.001706	
937.143677	2.370809	0.001701	
938.712585	2.370661	0.001696	
940.281250	2.370513	0.001692	
941.849792	2.370366	0.001687	
943.418091	2.370221	0.001683	
944.986206	2.370076	0.001678	
946.554077	2.369932	0.001674	
948.121887	2.369789	0.001669	
949.689331	2.369647	0.001665	
951.256714	2.369506	0.001660	
952.823853	2.369365	0.001656	
954.390808	2.369226	0.001651	
955.957520	2.369087	0.001647	
957.524048	2.368950	0.001643	
959.090332	2.368813	0.001638	
960.656555	2.368677	0.001634	
962.222473	2.368542	0.001630	
963.788208	2.368408	0.001625	
965.353699	2.368274	0.001621	
966.919067	2.368142	0.001617	
968.484070	2.368010	0.001613	
970.049011	2.367879	0.001609	
971.613647	2.367749	0.001605	
973.178223	2.367620	0.001601	
974.742493	2.367491	0.001597	
976.306519	2.367363	0.001593	
977.870422	2.367236	0.001588	
979.433960	2.367110	0.001584	
980.997437	2.366985	0.001581	
982.560669	2.366860	0.001577	
984.123657	2.366736	0.001573	
985.686401	2.366613	0.001569	
987.249023	2.366491	0.001565	
988.811340	2.366369	0.001561	
990.373535	2.366248	0.001557	
991.935425	2.366128	0.001553	
993.497070	2.366008	0.001550	
995.058594	2.365889	0.001546	
996.619812	2.365771	0.001542	
998.180847	2.365654	0.001538	
999.741699	2.365537	0.001535	