YST (Yttria-stabilized zirconia)- Sintef
lambda(nm), real index, imaginary index
601.513916	2.152082	0.000000	
603.105103	2.151825	0.000000	
604.696228	2.151570	0.000000	
606.287415	2.151317	0.000000	
607.878540	2.151066	0.000000	
609.469604	2.150817	0.000000	
611.060669	2.150571	0.000000	
612.651733	2.150326	0.000000	
614.242798	2.150084	0.000000	
615.833862	2.149843	0.000000	
617.424805	2.149605	0.000000	
619.015747	2.149369	0.000000	
620.606689	2.149134	0.000000	
622.197632	2.148902	0.000000	
623.788513	2.148671	0.000000	
625.379333	2.148443	0.000000	
626.970154	2.148216	0.000000	
628.560974	2.147991	0.000000	
630.151733	2.147768	0.000000	
631.742493	2.147547	0.000000	
633.333130	2.147327	0.000000	
634.923828	2.147109	0.000000	
636.514465	2.146893	0.000000	
638.105042	2.146679	0.000000	
639.695618	2.146467	0.000000	
641.286133	2.146256	0.000000	
642.876587	2.146047	0.000000	
644.467041	2.145839	0.000000	
646.057434	2.145633	0.000000	
647.647827	2.145429	0.000000	
649.238159	2.145227	0.000000	
650.828369	2.145026	0.000000	
652.418579	2.144826	0.000000	
654.008789	2.144629	0.000000	
655.598999	2.144432	0.000000	
657.189087	2.144237	0.000000	
658.779114	2.144044	0.000000	
660.369080	2.143852	0.000000	
661.959106	2.143662	0.000000	
663.548950	2.143473	0.000000	
665.138794	2.143286	0.000000	
666.728638	2.143100	0.000000	
668.318420	2.142915	0.000000	
669.908081	2.142732	0.000000	
671.497742	2.142550	0.000000	
673.087341	2.142370	0.000000	
674.676880	2.142191	0.000000	
676.266418	2.142014	0.000000	
677.855835	2.141837	0.000000	
679.445190	2.141662	0.000000	
681.034546	2.141489	0.000000	
682.623779	2.141316	0.000000	
684.212952	2.141145	0.000000	
685.802124	2.140975	0.000000	
687.391174	2.140807	0.000000	
688.980164	2.140639	0.000000	
690.569153	2.140473	0.000000	
692.158020	2.140308	0.000000	
693.746826	2.140145	0.000000	
695.335571	2.139982	0.000000	
696.924255	2.139821	0.000000	
698.512878	2.139661	0.000000	
700.101440	2.139502	0.000000	
701.689941	2.139344	0.000000	
703.278381	2.139188	0.000000	
704.866699	2.139032	0.000000	
706.454956	2.138878	0.000000	
708.043152	2.138724	0.000000	
709.631287	2.138572	0.000000	
711.219360	2.138421	0.000000	
712.807312	2.138271	0.000000	
714.395264	2.138122	0.000000	
715.983032	2.137974	0.000000	
717.570801	2.137827	0.000000	
719.158508	2.137681	0.000000	
720.746094	2.137536	0.000000	
722.333618	2.137393	0.000000	
723.921021	2.137250	0.000000	
725.508423	2.137108	0.000000	
727.095642	2.136967	0.000000	
728.682861	2.136827	0.000000	
730.269958	2.136688	0.000000	
731.856995	2.136550	0.000000	
733.443909	2.136413	0.000000	
735.030762	2.136277	0.000000	
736.617554	2.136142	0.000000	
738.204224	2.136008	0.000000	
739.790771	2.135875	0.000000	
741.377319	2.135742	0.000000	
742.963684	2.135611	0.000000	
744.549988	2.135480	0.000000	
746.136230	2.135351	0.000000	
747.722351	2.135222	0.000000	
749.308411	2.135094	0.000000	
750.894348	2.134967	0.000000	
752.480164	2.134840	0.000000	
754.065918	2.134715	0.000000	
755.651611	2.134591	0.000000	
757.237183	2.134467	0.000000	
758.822632	2.134344	0.000000	
760.407959	2.134222	0.000000	
761.993225	2.134101	0.000000	
763.578369	2.133980	0.000000	
765.163452	2.133861	0.000000	
766.748413	2.133742	0.000000	
768.333252	2.133623	0.000000	
769.918030	2.133506	0.000000	
771.502625	2.133389	0.000000	
773.087158	2.133274	0.000000	
774.671570	2.133159	0.000000	
776.255920	2.133044	0.000000	
777.840149	2.132931	0.000000	
779.424255	2.132818	0.000000	
781.008240	2.132706	0.000000	
782.592163	2.132594	0.000000	
784.175903	2.132484	0.000000	
785.759583	2.132374	0.000000	
787.343140	2.132264	0.000000	
788.926514	2.132156	0.000000	
790.509888	2.132048	0.000000	
792.093079	2.131941	0.000000	
793.676147	2.131834	0.000000	
795.259094	2.131728	0.000000	
796.841919	2.131623	0.000000	
798.424683	2.131519	0.000000	
800.007263	2.131415	0.000000	
801.589783	2.131311	0.000000	
803.172180	2.131209	0.000000	
804.754395	2.131107	0.000000	
806.336548	2.131006	0.000000	
807.918518	2.130905	0.000000	
809.500366	2.130805	0.000000	
811.082153	2.130705	0.000000	
812.663757	2.130607	0.000000	
814.245239	2.130508	0.000000	
815.826660	2.130411	0.000000	
817.407898	2.130314	0.000000	
818.989014	2.130217	0.000000	
820.570007	2.130121	0.000000	
822.150757	2.130026	0.000000	
823.731567	2.129931	0.000000	
825.312134	2.129838	0.000000	
826.892578	2.129744	0.000000	
828.472839	2.129651	0.000000	
830.053040	2.129559	0.000000	
831.633118	2.129467	0.000000	
833.213013	2.129375	0.000000	
834.792786	2.129285	0.000000	
836.372437	2.129194	0.000000	
837.951965	2.129105	0.000000	
839.531250	2.129016	0.000000	
841.110474	2.128927	0.000000	
842.689575	2.128839	0.000000	
844.268433	2.128751	0.000000	
845.847290	2.128664	0.000000	
847.425903	2.128578	0.000000	
849.004395	2.128492	0.000000	
850.582703	2.128406	0.000000	
852.160950	2.128321	0.000000	
853.738953	2.128237	0.000000	
855.316895	2.128153	0.000000	
856.894653	2.128069	0.000000	
858.472290	2.127986	0.000000	
860.049683	2.127904	0.000000	
861.627075	2.127821	0.000000	
863.204224	2.127740	0.000000	
864.781128	2.127659	0.000000	
866.358032	2.127578	0.000000	
867.934753	2.127498	0.000000	
869.511230	2.127418	0.000000	
871.087708	2.127339	0.000000	
872.663879	2.127260	0.000000	
874.239929	2.127182	0.000000	
875.815796	2.127104	0.000000	
877.391602	2.127026	0.000000	
878.967163	2.126949	0.000000	
880.542603	2.126873	0.000000	
882.117859	2.126796	0.000000	
883.692993	2.126721	0.000000	
885.267883	2.126645	0.000000	
886.842651	2.126570	0.000000	
888.417297	2.126496	0.000000	
889.991699	2.126422	0.000000	
891.566040	2.126348	0.000000	
893.140015	2.126275	0.000000	
894.714050	2.126202	0.000000	
896.287781	2.126130	0.000000	
897.861450	2.126058	0.000000	
899.434753	2.125986	0.000000	
901.008118	2.125915	0.000000	
902.581177	2.125844	0.000000	
904.154114	2.125773	0.000000	
905.726746	2.125703	0.000000	
907.299316	2.125634	0.000000	
908.871765	2.125564	0.000000	
910.443970	2.125495	0.000000	
912.015991	2.125427	0.000000	
913.587769	2.125359	0.000000	
915.159485	2.125291	0.000000	
916.730957	2.125224	0.000000	
918.302368	2.125156	0.000000	
919.873413	2.125090	0.000000	
921.444336	2.125023	0.000000	
923.015137	2.124957	0.000000	
924.585754	2.124892	0.000000	
926.156128	2.124826	0.000000	
927.726379	2.124762	0.000000	
929.296387	2.124697	0.000000	
930.866211	2.124633	0.000000	
932.435852	2.124569	0.000000	
934.005249	2.124505	0.000000	
935.574585	2.124442	0.000000	
937.143677	2.124379	0.000000	
938.712585	2.124317	0.000000	
940.281250	2.124254	0.000000	
941.849792	2.124192	0.000000	
943.418091	2.124131	0.000000	
944.986206	2.124070	0.000000	
946.554077	2.124009	0.000000	
948.121887	2.123948	0.000000	
949.689331	2.123888	0.000000	
951.256714	2.123828	0.000000	
952.823853	2.123768	0.000000	
954.390808	2.123709	0.000000	
955.957520	2.123650	0.000000	
957.524048	2.123591	0.000000	
959.090332	2.123533	0.000000	
960.656555	2.123475	0.000000	
962.222473	2.123417	0.000000	
963.788208	2.123359	0.000000	
965.353699	2.123302	0.000000	
966.919067	2.123245	0.000000	
968.484070	2.123188	0.000000	
970.049011	2.123132	0.000000	
971.613647	2.123076	0.000000	
973.178223	2.123020	0.000000	
974.742493	2.122965	0.000000	
976.306519	2.122910	0.000000	
977.870422	2.122854	0.000000	
979.433960	2.122800	0.000000	
980.997437	2.122746	0.000000	
982.560669	2.122691	0.000000	
984.123657	2.122638	0.000000	
985.686401	2.122584	0.000000	
987.249023	2.122531	0.000000	
988.811340	2.122478	0.000000	
990.373535	2.122425	0.000000	
991.935425	2.122372	0.000000	
993.497070	2.122320	0.000000	
995.058594	2.122268	0.000000	
996.619812	2.122216	0.000000	
998.180847	2.122165	0.000000	
999.741699	2.122114	0.000000